[asset]
gltf = "models/converted/music_box.glb"

[basis]
right = [0.822912, 0.0, -0.568169]
up = [0.0, 1.0, 0.0]
front = [-0.568169, 0.0, -0.822912]

[closed_model]
mesh_indices = [0, 1, 2, 3, 4, 5, 6, 7, 8, 9, 10, 11, 12, 13, 14, 15, 16, 17, 18, 19, 20, 21, 22, 23, 24, 25, 26, 27, 28, 29, 30, 31, 32, 33, 34, 35, 36]
bounds_min = [-1.166903, -1.129592, -1.388127]
bounds_max = [-0.542594, -0.854495, -0.799984]
body_meshes = [1, 2, 3, 4, 5, 6, 7, 8, 9, 10, 11, 12, 13, 14, 15, 16, 17, 18, 19, 20, 21, 22, 24, 25, 28, 30, 31, 32, 33, 34, 35]
lid_meshes = [0]
hinge_meshes = []
handle_meshes = [18]
mechanism_meshes = [36, 32, 31, 30, 29, 27, 26, 25, 24, 23, 22, 21, 20, 19, 17, 16, 15, 14, 13, 12, 11, 10, 9, 7, 6, 5, 4, 3, 2, 1]

[lid]
meshes = [0]
pivot = [-0.95529, -0.938679, -1.266284]
axis = [0.865899, -0.0, -0.500218]
closed_degrees = 0.0
open_degrees = -56.657

[cylinder]
meshes = [26, 27, 29, 36]
pivot = [-0.816537, -1.004789, -1.105977]
axis = [0.499999, 0.0, 0.866026]
radius = 0.049188
length = 0.127228
degrees_per_second = 120.0

[comb]
meshes = [23]
radial_direction = [-0.863441, 0.077203, 0.498507]
axial_min = -0.05439
axial_max = 0.057542
tip_radius = 0.051817
root_radius = 0.233942
clearance = 0.002629
tine_length = 0.182125
