[asset]
gltf = "generated/music_box_aligned_base.glb"
baked_gltf = "generated/music_box_material_baked.glb"

[basis]
right = [1.0, 0.0, 0.0]
up = [0.0, 1.0, 0.0]
front = [0.0, 0.0, -1.0]

[closed_model]
mesh_indices = [0, 1, 2, 3, 4, 5, 6, 7, 8, 9, 10, 11, 12, 13, 14, 15, 16, 17, 18, 19, 20, 21, 22, 23, 24, 25, 26, 27, 28, 29, 30, 31, 32, 33, 34, 35, 36]
bounds_min = [-0.344832, -1.12959, -1.6]
bounds_max = [0.315479, -0.854495, -1.16273]
body_meshes = [3, 8, 9, 11, 15, 21, 22, 24, 25, 28, 30, 31, 32, 33, 34, 35]
lid_meshes = [0, 1, 2, 4, 5, 6, 7, 10, 12, 13, 14, 16, 17]
hinge_meshes = []
handle_meshes = [18]
mechanism_meshes = [36, 32, 31, 30, 29, 27, 26, 25, 24, 23, 22, 21, 20, 19, 17, 16, 15, 14, 13, 12, 11, 10, 9, 7, 6, 5, 4, 3, 2, 1]

[lid]
meshes = [0, 1, 2, 4, 5, 6, 7, 10, 12, 13, 14, 16, 17]
pivot = [-0.0666563, -0.938679, -1.58481]
axis = [1, 0, 0]
closed_degrees = 0
open_degrees = -110

[cylinder]
meshes = [26, 27, 29, 36]
pivot = [-0.0427871, -1.00479, -1.37721]
axis = [0, 0, 1]
radius = 0.049188
length = 0.127228
closed_degrees = 0
open_degrees = 0

[winding_key]
meshes = [18, 19, 20]
pivot = [-0.0499405, -0.97183, -1.48757]
axis = [1, 0, -4.44078e-06]
closed_degrees = 0
open_degrees = 0

[comb]
meshes = [23]
radial_direction = [-0.997015, 0.077203, 3.70879e-07]
axial_min = -0.05439
axial_max = 0.057542
tip_radius = 0.051817
root_radius = 0.233942
clearance = 0.002629
tine_length = 0.182125
